Melody 1:
freqs[Hz]: 968, 1620, 1447, 1287, 968, 1620, 1445, 1287, 1081, 1706, 1620, 1445, 1219, 1915, 1709, 1447, 1618, 968, 1620, 1445, 1288, 968, 1620, 1445, 1287, 1081, 1709, 1618, 1445, 1919, 2188, 1919, 1709, 1447, 1287, 1620, 1919, 1287, 1445, 1620, 1709, 1618, 1447, 1620, 1445, 1915, 1620, 1915, 1287, 1445, 1618, 1709, 1620, 1915, 1709, 1447, 1287,
times[ms]: 216, 218, 217, 219, 1088, 217, 217, 219, 1088, 217, 218, 217, 871, 435, 217, 218, 871, 217, 217, 218, 217, 1089, 217, 218, 217, 1089, 217, 217, 218, 871, 217, 218, 217, 218, 871, 1960, 218, 217, 218, 871, 1089, 871, 435, 217, 436, 434, 1960, 218, 218, 217, 871, 1089, 653, 435, 217, 218, 957,

Melody 2:
freqs[Hz]: 1221, 1287, 1447, 1618, 1805, 1915, 1221, 1288, 1445, 1620, 1447, 1288, 1219, 1445, 968, 1221, 1081, 1287, 912, 968, 1919, 2188, 1919, 1805, 1919, 1620, 1919, 2183, 1919, 1805, 1915, 1620, 2183, 2409, 2183, 1919, 2183, 1808, 1915, 2183, 1919, 1808, 1620, 1445, 1221, 1287, 1445, 1620, 1808, 1919, 1221, 1288, 1445, 1620, 1445, 1287, 1221, 1445, 968, 1221, 1081, 1287, 912, 968,
times[ms]: 173, 173, 1045, 173, 174, 1045, 175, 173, 1045, 174, 174, 1046, 347, 348, 348, 349, 347, 697, 348, 1045, 348, 348, 349, 348, 348, 1046, 348, 348, 348, 348, 349, 1045, 348, 348, 348, 349, 348, 1045, 348, 348, 349, 348, 348, 1308, 173, 173, 1045, 175, 173, 1046, 175, 173, 1045, 174, 174, 1047, 347, 348, 348, 349, 347, 697, 348, 1437,

Melody 3:
freqs[Hz]: 1445, 1620, 1445, 1221, 1445, 1620, 1445, 1221, 2183, 1805, 1919, 1445, 1620, 1919, 1805, 1620, 1445, 1620, 1445, 1219, 1620, 1919, 1805, 1620, 1445, 1620, 1445, 1221, 2188, 2538, 2188, 1808, 1915, 2409, 1919, 1445, 1219, 1445, 1287, 1081, 968,
times[ms]: 784, 261, 523, 1567, 785, 260, 522, 1569, 1569, 1569, 1568, 1568, 1569, 784, 261, 523, 784, 261, 522, 1569, 1568, 784, 261, 523, 784, 261, 522, 1569, 1568, 522, 523, 522, 1569, 1568, 522, 524, 522, 784, 261, 524, 1631,

Melody 4:
freqs[Hz]: 1919, 1808, 1620, 1445, 1287, 1221, 1079, 968, 1445, 1618, 1808, 1919, 1805, 1620, 1447, 1287, 1221, 1915, 1808, 1620, 1445, 1287, 1221, 1287, 1445, 1287, 1221, 1081, 1221, 1287, 1221, 1079, 968, 1919, 1620, 1445, 1287, 1219, 1288, 1221, 1079, 968,
times[ms]: 523, 391, 130, 784, 262, 522, 522, 783, 261, 1046, 1045, 1307, 261, 261, 654, 130, 260, 523, 261, 261, 654, 130, 1438, 130, 784, 130, 131, 914, 130, 784, 131, 129, 261, 522, 261, 392, 130, 262, 261, 522, 524, 1064,

Melody 5:
freqs[Hz]: 1445, 1618, 1445, 1221, 1915, 1620, 1445, 1620, 1447, 1618, 1445, 1915, 1808, 1287, 1445, 1287, 1079, 1808, 1620, 1445, 1618, 1445, 1620, 1447, 1620, 1221, 1445, 1620, 1447, 1221, 1915, 1620, 1445, 1620, 1445, 1618, 1445, 1915, 1805, 1287, 1447, 1287, 1079, 1805, 1620, 1445, 1620, 1445, 1620, 1445, 2183, 1915,
times[ms]: 348, 174, 174, 348, 348, 349, 1219, 174, 174, 175, 348, 348, 1308, 347, 174, 174, 349, 348, 348, 1219, 175, 174, 174, 348, 348, 1307, 348, 175, 174, 348, 348, 348, 1219, 175, 174, 174, 348, 348, 1308, 347, 174, 175, 347, 348, 349, 1219, 174, 174, 174, 348, 348, 1416,

Melody 6:
freqs[Hz]: 1445, 1919, 2188, 1919, 1808, 1620, 2183, 2409, 2188, 1919, 1808, 2409, 2538, 2409, 2188, 1919, 1447, 1620, 2183, 1805, 1915,
times[ms]: 435, 653, 217, 218, 218, 871, 653, 218, 217, 217, 871, 653, 218, 217, 218, 436, 435, 435, 435, 435, 1393,

Melody 7:
freqs[Hz]: 1287, 968, 1287, 1447, 968, 1618, 1445, 1618, 1709, 1620, 1445, 1287, 1221, 1079, 1219, 1287, 1447, 1620, 1221, 1081, 968, 1919, 1709, 1620, 1709, 1620, 1445, 1618, 1287, 1445, 1221, 1081, 968, 1288, 1221, 1287, 1445, 1287, 968, 1620, 1445, 1620, 1706, 1620, 1445, 1620, 1709, 1620, 1445, 1288, 1221, 1288, 1709, 1620, 1445, 1288,
times[ms]: 1047, 348, 347, 697, 697, 348, 348, 349, 348, 697, 348, 1045, 349, 347, 348, 347, 348, 349, 698, 522, 1480, 697, 348, 347, 697, 697, 348, 348, 349, 348, 522, 174, 348, 697, 348, 347, 348, 697, 348, 697, 348, 347, 348, 697, 348, 349, 348, 348, 348, 349, 696, 349, 348, 697, 522, 1349,

Melody 8:
freqs[Hz]: 968, 1287, 1219, 1287, 1620, 1445, 1919, 1706, 1620, 1445, 1620, 968, 1287, 1221, 1287, 1618, 1445, 1915, 1445, 1219, 1079, 968, 1919, 1287, 1706, 1618, 1445, 1919, 1287, 1706, 1620, 1445, 2183, 1919, 1706, 1620, 1709, 1447, 1620, 1709, 1919, 1287, 1447, 1620, 2183, 1915, 1706, 1620, 1706, 1447, 1618, 1709, 1915, 1287, 1445, 1287,
times[ms]: 521, 1308, 260, 523, 1045, 522, 1831, 261, 523, 522, 1045, 523, 1306, 261, 523, 1045, 523, 522, 1307, 785, 522, 1046, 1569, 521, 523, 1046, 522, 1568, 523, 523, 1045, 522, 1569, 522, 523, 523, 1046, 522, 261, 260, 523, 1045, 522, 1046, 1568, 523, 523, 521, 1046, 522, 261, 262, 522, 1045, 522, 1087,